Multiple size <= 100
TEST 1 ARG:92 16 69 20 39 47 91 95 11 94 30 49 75 60 73 22 5 86 23 70 64 68 66 74 97 71 54 43 67 62 12 53 34 81 14 76 59 40 38 13 21 61 18 57 58 50 3 79 15 0 35 26 24 98 31 32 6 80 27 83 51 9 63 90 55 17 28 46 19 10 72 88 41 99 4 52 8 36 56 93 42 1 33 44 45 85 65 7 96 84 2 25 87 77 29 78 82 89 37 48
TEST 2 ARG:67 63 82 69 15 17 51 16 96 66 34 61 47 59 65 29 42 71 10 19 1 92 24 49 56 52 68 38 5 58 43 99 53 85 57 36 97 77 64 39 80 46 86 72 89 22 12 8 93 73 95 31 23 26 74 45 91 75 87 9 90 21 35 98 4 32 54 18 70 3 94 88 78 55 84 79 33 50 28 11 25 13 44 83 62 41 40 2 81 6 20 27 14 76 48 30 37 7 0 60
TEST 3 ARG:20 28 91 66 71 7 93 90 45 25 60 92 49 21 30 75 79 32 11 47 13 84 81 26 70 67 43 65 64 85 82 1 56 23 89 96 31 24 46 18 40 63 87 61 12 77 42 27 73 37 97 88 83 59 38 8 44 6 17 14 41 54 55 39 68 99 5 51 4 78 10 34 33 3 2 35 95 16 58 94 15 19 57 74 0 62 48 29 69 52 98 36 80 9 86 72 76 22 53 50
TEST 4 ARG:25 54 64 53 70 98 83 59 56 19 5 95 87 8 20 7 78 14 41 90 89 36 79 15 92 21 32 4 61 17 34 91 28 65 29 86 52 66 39 72 35 48 23 85 58 24 27 73 6 99 49 10 96 63 30 80 76 60 9 88 69 84 77 37 22 2 55 47 46 45 93 81 38 18 1 97 31 12 13 16 43 74 68 0 42 67 50 11 40 82 75 3 51 33 44 57 62 94 71 26
TEST 5 ARG:27 31 32 3 92 50 0 16 54 78 30 15 11 25 6 24 95 63 82 26 89 86 33 21 28 53 65 20 88 49 56 44 97 41 77 40 10 69 43 66 70 81 79 9 90 2 29 55 22 58 96 5 51 35 38 52 4 7 71 23 17 60 14 91 8 93 46 39 57 62 80 74 47 85 12 68 18 45 42 67 13 36 64 1 19 84 75 48 72 59 61 34 73 37 98 87 83 94 76 99
TEST 6 ARG:4 85 91 84 42 18 3 13 60 95 86 99 19 23 22 63 24 64 47 9 46 83 32 1 87 41 30 98 81 54 27 17 96 33 82 10 62 68 7 25 16 69 56 70 55 78 80 65 21 14 43 53 74 11 51 8 38 50 93 2 48 12 89 94 34 15 36 71 75 29 88 5 20 72 40 35 44 90 0 6 61 67 73 39 45 79 59 31 26 58 28 92 76 52 57 49 97 37 66 77
TEST 7 ARG:90 88 98 27 80 95 6 11 45 0 44 61 17 25 54 7 68 5 47 62 56 94 30 32 14 38 86 58 92 33 63 2 29 72 36 83 60 3 9 23 40 26 4 1 50 41 37 78 85 73 84 53 35 59 97 34 66 52 71 13 79 24 77 65 70 82 21 55 18 75 42 48 96 46 74 93 39 91 16 57 87 22 10 89 67 8 69 31 64 19 28 20 49 76 51 15 99 43 12 81
TEST 8 ARG:20 19 11 45 63 53 99 21 29 5 64 10 18 44 24 69 35 52 30 26 96 90 6 70 85 31 15 86 84 55 92 9 98 41 43 65 91 61 8 93 34 32 72 95 56 59 39 42 17 62 3 75 79 68 2 48 33 71 88 40 57 4 14 47 83 51 77 25 0 50 28 73 60 49 36 27 82 23 89 16 80 94 67 7 1 12 22 76 54 13 58 81 66 74 46 87 78 38 37 97
TEST 9 ARG:26 75 64 38 31 16 14 1 66 4 35 73 65 40 44 53 72 63 74 8 15 87 30 57 80 56 32 29 46 92 51 70 69 68 42 91 85 17 21 58 67 50 49 82 9 84 83 33 36 48 95 89 43 6 28 54 25 37 77 94 79 23 0 39 2 96 86 41 60 13 59 90 12 22 78 5 62 7 11 76 93 88 27 47 34 71 45 18 61 19 98 81 10 99 24 55 97 20 52 3
TEST 10 ARG:5 25 24 51 11 17 16 47 91 8 61 37 76 80 2 55 41 74 69 71 39 35 18 3 57 15 60 93 13 70 67 59 28 63 82 88 30 73 77 7 65 97 32 56 78 26 43 45 58 92 52 89 20 84 4 22 85 83 94 34 64 48 10 42 27 79 90 33 14 40 86 19 62 12 44 9 21 49 23 96 53 31 99 46 66 81 68 38 50 98 36 6 87 0 95 29 54 75 1 72
TEST 11 ARG:77 41 22 69 81 46 51 29 55 42 30 32 88 20 76 98 64 87 67 54 16 63 71 79 5 7 92 10 33 13 47 1 3 61 82 56 95 84 62 90 43 94 0 12 70 36 75 89 9 99 60 45 11 48 19 24 21 50 66 23 73 58 91 18 2 97 35 72 53 49 37 8 78 44 4 40 28 39 26 86 83 59 6 38 57 31 74 80 65 15 85 52 14 27 34 93 17 96 68 25
TEST 12 ARG:71 93 86 73 9 37 4 11 10 12 92 3 22 45 50 60 84 39 62 51 16 87 42 89 54 55 82 53 70 61 91 21 44 85 0 46 90 47 2 72 81 26 5 24 20 19 6 98 31 63 56 97 48 52 18 41 94 65 7 34 59 95 69 13 40 78 8 14 49 80 1 27 75 35 74 88 36 79 57 99 58 32 83 76 23 30 29 25 43 66 15 96 68 64 17 28 38 77 33 67
TEST 13 ARG:4 11 36 0 66 37 42 32 41 7 13 67 61 69 12 83 77 59 39 48 87 72 25 74 2 51 6 91 62 34 18 9 45 99 5 35 79 47 55 64 58 22 97 57 19 44 29 38 68 8 28 88 23 75 30 81 49 82 26 85 60 80 33 46 78 3 27 54 92 20 17 56 14 63 15 96 1 52 76 50 24 16 90 89 84 21 73 71 10 94 70 95 53 31 43 98 65 93 86 40
TEST 14 ARG:89 16 99 81 54 9 24 38 90 19 75 7 29 20 1 51 50 40 84 45 39 32 73 58 70 43 3 4 79 61 35 64 57 11 98 0 86 88 6 30 14 13 80 48 77 46 15 5 74 91 93 36 2 95 69 18 17 25 8 28 33 87 97 63 56 72 78 68 22 53 49 92 44 10 94 31 66 41 82 37 23 42 47 59 62 96 26 65 21 67 71 12 34 60 83 76 27 55 52 85
TEST 15 ARG:31 41 75 44 29 76 30 6 46 85 63 67 33 58 89 68 28 4 79 23 43 21 78 82 96 45 77 20 84 36 0 19 8 83 69 72 1 66 27 47 57 97 10 98 60 3 55 56 62 64 13 14 34 74 90 42 94 54 92 61 22 25 38 11 15 95 40 50 51 71 70 65 73 37 39 48 12 5 35 18 80 7 26 9 52 88 53 17 24 91 86 32 16 59 99 93 2 49 81 87
TEST 16 ARG:67 52 26 8 99 87 68 34 45 10 91 65 75 71 46 47 97 3 74 77 59 94 51 41 19 86 93 50 89 69 73 81 2 5 37 6 42 92 48 85 16 40 88 55 53 15 13 61 24 22 60 1 80 83 70 62 72 79 66 58 9 27 90 20 17 31 56 4 30 76 64 44 11 63 12 95 21 82 18 84 49 25 7 54 98 78 29 57 23 96 39 32 0 36 28 43 35 38 33 14
TEST 17 ARG:90 21 69 48 59 14 22 16 25 50 75 93 1 9 45 74 72 6 94 8 53 2 89 34 71 81 36 19 79 73 62 15 43 37 0 76 88 13 57 51 78 39 29 52 24 83 32 65 26 42 18 27 99 77 61 54 41 97 38 4 87 82 95 5 70 10 46 12 64 31 58 11 40 85 35 66 98 7 47 67 84 49 60 28 3 63 56 92 91 33 80 44 30 55 96 86 68 23 17 20
TEST 18 ARG:41 10 86 91 74 72 27 33 84 19 60 66 43 76 89 83 88 50 17 78 11 25 67 2 48 65 24 69 96 64 52 59 22 80 99 73 20 77 81 30 13 23 82 8 87 29 92 39 21 79 61 34 14 58 70 53 97 93 45 18 0 47 36 16 3 56 54 75 95 1 90 9 35 28 62 71 31 12 44 42 40 49 32 7 94 57 63 38 5 51 55 15 26 46 68 98 37 6 4 85
TEST 19 ARG:77 85 51 78 86 39 54 20 30 2 42 16 81 32 17 70 52 79 88 10 69 29 9 19 12 0 76 63 7 94 72 58 37 80 50 75 83 18 82 90 4 23 64 98 26 21 15 53 25 3 91 46 62 67 24 45 13 68 93 74 71 5 66 34 8 92 59 65 99 36 56 48 95 49 28 87 73 35 22 14 11 84 41 47 6 1 97 89 31 57 38 43 27 44 96 61 60 40 55 33
TEST 20 ARG:91 16 76 62 31 79 14 75 70 80 10 44 85 84 99 48 57 19 35 54 73 55 58 7 11 61 34 90 5 78 53 24 20 29 2 40 46 43 26 66 25 89 94 97 21 6 3 18 45 15 92 32 69 0 93 23 65 67 9 41 63 47 68 4 86 60 52 72 64 51 38 83 28 96 22 1 81 33 37 59 30 82 50 98 13 8 95 12 36 17 39 56 42 49 27 87 74 88 71 77
TEST 21 ARG:11 28 96 43 72 32 44 25 53 87 2 3 29 71 58 17 23 5 95 83 94 76 81 62 80 93 14 24 38 41 30 90 79 61 74 6 46 56 73 16 66 54 60 1 86 42 19 0 91 99 36 69 59 40 98 33 12 8 89 37 18 51 7 9 35 50 10 48 26 57 27 45 4 63 20 97 13 52 78 68 65 31 34 22 75 21 85 82 15 39 67 70 92 47 77 84 55 49 88 64
TEST 22 ARG:60 82 73 8 29 37 21 0 99 97 28 67 92 85 52 40 4 14 95 41 7 20 57 26 48 46 70 91 1 68 86 22 19 64 61 23 45 53 69 39 47 17 84 35 58 9 49 88 50 13 31 33 44 98 10 16 81 75 42 89 63 51 55 83 94 93 15 74 34 87 38 36 32 96 54 66 72 24 11 2 43 71 12 65 76 79 62 25 3 27 6 30 59 78 18 90 77 56 80 5
TEST 23 ARG:87 61 60 82 81 18 85 17 44 46 59 77 39 84 26 22 0 95 71 6 55 14 52 5 7 92 4 8 12 66 1 90 73 53 45 98 29 35 41 21 58 99 65 2 63 62 74 34 79 27 80 89 75 94 68 54 91 76 64 96 49 69 93 57 43 23 16 32 67 40 37 25 97 33 19 56 28 88 3 11 48 51 42 47 38 10 70 86 30 36 78 50 9 15 13 83 31 24 72 20
TEST 24 ARG:86 13 11 59 56 41 87 10 40 30 25 8 82 14 51 64 2 22 5 49 28 98 16 17 19 78 54 37 84 63 95 67 38 50 70 34 73 47 46 35 39 91 42 6 65 76 58 69 15 33 83 45 92 27 52 18 4 96 66 85 72 3 74 94 81 7 80 90 24 89 97 71 23 44 29 60 31 36 75 43 1 68 93 20 99 77 32 88 26 57 48 79 62 9 21 61 12 53 55 0
